预测结果
25.841561532421828
26.03674454125672
34.506018371746805
24.89553186898921
28.425987074049107
30.56138236946548
8.586942617298456
30.72185619916466
20.556785743266126
28.646823455546336
12.612149020562109
25.264346501512996
16.773696216235948
29.68019379069264
21.822996831658735
29.24834035475096
20.395026255494372
33.38385417298575
26.67772934422434
29.95149497991337
18.938203090547198
34.50905162659704
35.48745147625489
14.894058228551248
28.455934352732246
25.63054630534323
21.025780328302886
16.17903857608019
28.69605142459308
24.092563783593057
13.390258381668282
23.44947094009198
20.799447622396706
31.89302230982804
12.280400989807346
36.22266954978727
10.863664704240286
24.36542067520553
11.440898575871845
7.136725882457629
12.857318103766794
27.5611805493242
34.729591558815486
26.385894259109303
11.989754206695038
9.797805399323943
17.608525202139305
31.37733686515982
24.351625540180173
30.20405731581059
11.90151257460058
26.516541589631245
23.122311539208447
35.13560229812444
28.260037174240495
17.783886379326614
20.273919001037427
22.7056067487159
22.711783358434474
25.99895525802034
8.484827561876774
22.69686892528605
25.762299674204456
23.347947041511034
29.95814981087041
28.726949681207156
25.734737031099087
29.428724739344254
21.738435309755705
10.072361841038413
22.754174011158195
13.26592331546206
26.783658075113333
27.95681744394623
24.16456203741591
24.063693265055925
14.015524997778261
14.858752523297264
25.75943981260277
